x <-
structure(c(1L, 2L, 2L, 3L, 3L, 3L, 4L, 4L, 4L, 4L, 5L, 5L, 5L, 
5L, 5L), .Dim = c(3L, 5L))
